NACA 0015                                       
 Alfa =   0.00000 Re =        0.000 Xflap,Yflap =     0.000000    0.000000
#    x        y        Cp  
   1.00000  0.00158  0.49017
   0.99876  0.00180  0.41306
   0.99683  0.00213  0.36760
   0.99481  0.00248  0.33476
   0.99270  0.00285  0.31135
   0.99048  0.00324  0.29167
   0.98814  0.00364  0.27175
   0.98567  0.00407  0.25960
   0.98303  0.00452  0.24315
   0.98020  0.00500  0.22994
   0.97715  0.00552  0.21526
   0.97383  0.00609  0.20386
   0.97018  0.00671  0.19109
   0.96612  0.00739  0.17745
   0.96151  0.00817  0.16401
   0.95616  0.00906  0.15014
   0.94976  0.01012  0.13460
   0.94180  0.01143  0.11828
   0.93141  0.01312  0.09805
   0.91730  0.01538  0.07461
   0.89855  0.01833  0.04755
   0.87490  0.02195  0.01808
   0.84574  0.02628 -0.01308
   0.81222  0.03109 -0.04444
   0.77670  0.03597 -0.07464
   0.74016  0.04078 -0.10352
   0.70306  0.04543 -0.13137
   0.66579  0.04986 -0.15873
   0.62865  0.05402 -0.18517
   0.59180  0.05788 -0.21163
   0.55531  0.06141 -0.23788
   0.51925  0.06460 -0.26411
   0.48372  0.06742 -0.29035
   0.44886  0.06983 -0.31695
   0.41474  0.07181 -0.34298
   0.38138  0.07334 -0.36844
   0.34880  0.07439 -0.39364
   0.31716  0.07494 -0.41680
   0.28670  0.07497 -0.43934
   0.25765  0.07449 -0.46075
   0.23004  0.07349 -0.47876
   0.20404  0.07200 -0.49340
   0.18005  0.07009 -0.50605
   0.15835  0.06784 -0.51375
   0.13887  0.06532 -0.51885
   0.12158  0.06263 -0.51952
   0.10669  0.05990 -0.51364
   0.09414  0.05725 -0.50547
   0.08358  0.05475 -0.49650
   0.07463  0.05240 -0.48395
   0.06694  0.05018 -0.47390
   0.06025  0.04806 -0.45869
   0.05439  0.04605 -0.43884
   0.04920  0.04412 -0.41654
   0.04458  0.04228 -0.39235
   0.04044  0.04051 -0.36706
   0.03670  0.03881 -0.33615
   0.03330  0.03716 -0.30782
   0.03020  0.03557 -0.27626
   0.02735  0.03402 -0.24321
   0.02472  0.03251 -0.21575
   0.02229  0.03104 -0.19180
   0.02003  0.02958 -0.16486
   0.01795  0.02813 -0.12861
   0.01602  0.02668 -0.07934
   0.01424  0.02522 -0.02494
   0.01260  0.02377  0.04197
   0.01110  0.02231  0.11388
   0.00972  0.02087  0.18663
   0.00846  0.01945  0.25863
   0.00731  0.01806  0.33158
   0.00627  0.01669  0.40175
   0.00533  0.01534  0.47016
   0.00448  0.01402  0.53513
   0.00371  0.01273  0.60069
   0.00303  0.01145  0.66173
   0.00242  0.01019  0.71918
   0.00188  0.00895  0.77474
   0.00141  0.00772  0.82435
   0.00101  0.00651  0.87104
   0.00068  0.00531  0.91114
   0.00041  0.00412  0.94418
   0.00021  0.00294  0.97155
   0.00008  0.00176  0.98931
   0.00001  0.00059  0.99882
   0.00001 -0.00059  0.99880
   0.00008 -0.00176  0.98954
   0.00021 -0.00294  0.97098
   0.00041 -0.00412  0.94530
   0.00068 -0.00531  0.91003
   0.00101 -0.00651  0.87170
   0.00141 -0.00772  0.82515
   0.00188 -0.00895  0.77431
   0.00242 -0.01019  0.71943
   0.00303 -0.01145  0.66146
   0.00371 -0.01273  0.60080
   0.00448 -0.01402  0.53601
   0.00533 -0.01534  0.47008
   0.00627 -0.01669  0.40097
   0.00731 -0.01806  0.33172
   0.00846 -0.01945  0.25977
   0.00972 -0.02087  0.18676
   0.01110 -0.02231  0.11321
   0.01260 -0.02377  0.04254
   0.01424 -0.02522 -0.02326
   0.01602 -0.02668 -0.08049
   0.01795 -0.02813 -0.12778
   0.02003 -0.02958 -0.16422
   0.02229 -0.03104 -0.19358
   0.02472 -0.03251 -0.21461
   0.02735 -0.03402 -0.24300
   0.03020 -0.03557 -0.27602
   0.03330 -0.03716 -0.30693
   0.03670 -0.03881 -0.33685
   0.04044 -0.04051 -0.36659
   0.04458 -0.04228 -0.39225
   0.04920 -0.04412 -0.41646
   0.05439 -0.04605 -0.43899
   0.06025 -0.04806 -0.45838
   0.06694 -0.05018 -0.47302
   0.07463 -0.05240 -0.48547
   0.08358 -0.05475 -0.49516
   0.09414 -0.05725 -0.50570
   0.10669 -0.05990 -0.51340
   0.12158 -0.06263 -0.51927
   0.13887 -0.06532 -0.51896
   0.15835 -0.06784 -0.51383
   0.18005 -0.07009 -0.50576
   0.20404 -0.07200 -0.49328
   0.23004 -0.07349 -0.47879
   0.25765 -0.07449 -0.46054
   0.28670 -0.07497 -0.43930
   0.31716 -0.07494 -0.41683
   0.34880 -0.07439 -0.39348
   0.38138 -0.07334 -0.36846
   0.41474 -0.07181 -0.34281
   0.44886 -0.06983 -0.31685
   0.48372 -0.06742 -0.29046
   0.51925 -0.06460 -0.26395
   0.55531 -0.06141 -0.23780
   0.59180 -0.05787 -0.21155
   0.62865 -0.05402 -0.18511
   0.66579 -0.04986 -0.15867
   0.70306 -0.04543 -0.13120
   0.74016 -0.04078 -0.10359
   0.77670 -0.03597 -0.07453
   0.81222 -0.03109 -0.04451
   0.84574 -0.02628 -0.01293
   0.87490 -0.02195  0.01823
   0.89855 -0.01833  0.04759
   0.91730 -0.01538  0.07458
   0.93141 -0.01312  0.09841
   0.94180 -0.01143  0.11809
   0.94976 -0.01012  0.13470
   0.95616 -0.00906  0.15005
   0.96151 -0.00817  0.16458
   0.96612 -0.00739  0.17720
   0.97018 -0.00671  0.19140
   0.97383 -0.00609  0.20297
   0.97715 -0.00552  0.21653
   0.98020 -0.00500  0.23005
   0.98303 -0.00452  0.24371
   0.98567 -0.00407  0.25721
   0.98814 -0.00364  0.27416
   0.99048 -0.00324  0.29295
   0.99270 -0.00285  0.31017
   0.99481 -0.00248  0.33441
   0.99683 -0.00213  0.36636
   0.99876 -0.00180  0.41650
   1.00000 -0.00158  0.49017
