A18 (original)
     1.000000    0.006140
     0.994797    0.007474
     0.986172    0.009643
     0.976350    0.012049
     0.965082    0.014726
     0.952234    0.017670
     0.938127    0.020772
     0.923967    0.023760
     0.909694    0.026663
     0.895354    0.029485
     0.881284    0.032174
     0.867348    0.034760
     0.853436    0.037268
     0.839465    0.039714
     0.825378    0.042107
     0.811146    0.044453
     0.796769    0.046750
     0.782276    0.048994
     0.767707    0.051182
     0.753098    0.053311
     0.738477    0.055380
     0.723868    0.057390
     0.709286    0.059343
     0.694739    0.061241
     0.680228    0.063084
     0.665750    0.064864
     0.651301    0.066573
     0.636872    0.068204
     0.622454    0.069750
     0.608034    0.071203
     0.593600    0.072558
     0.579135    0.073817
     0.564625    0.074997
     0.550052    0.076116
     0.535400    0.077192
     0.520680    0.078250
     0.505958    0.079313
     0.491363    0.080392
     0.477013    0.081428
     0.462928    0.082315
     0.449021    0.082966
     0.435130    0.083340
     0.421110    0.083535
     0.406897    0.083674
     0.392527    0.083885
     0.378115    0.084184
     0.363752    0.084476
     0.349477    0.084664
     0.335274    0.084672
     0.321112    0.084484
     0.306958    0.084096
     0.292777    0.083501
     0.278537    0.082709
     0.264219    0.081744
     0.249820    0.080635
     0.235357    0.079409
     0.220857    0.078080
     0.206348    0.076658
     0.191856    0.075156
     0.177406    0.073570
     0.163019    0.071887
     0.148709    0.070093
     0.134490    0.068158
     0.120422    0.066019
     0.106627    0.063622
     0.093264    0.060939
     0.080338    0.057953
     0.067246    0.054501
     0.053543    0.050382
     0.041754    0.046390
     0.032519    0.042829
     0.024011    0.038986
     0.014612    0.033731
     0.009214    0.030186
     0.006107    0.027858
     0.003994    0.026016
     0.002468    0.024428
     0.001362    0.022996
     0.000599    0.021665
     0.000140    0.020401
    -0.000024    0.019178
     0.000120    0.017972
     0.000579    0.016761
     0.001357    0.015520
     0.002488    0.014222
     0.004046    0.012829
     0.006189    0.011276
     0.009276    0.009434
     0.014267    0.007015
     0.022378    0.004208
     0.030707    0.002499
     0.039799    0.001422
     0.051589    0.000672
     0.066014    0.000162
     0.080169   -0.000048
     0.093960   -0.000023
     0.108073    0.000241
     0.122526    0.000728
     0.137179    0.001372
     0.151909    0.002095
     0.166622    0.002841
     0.181255    0.003627
     0.195779    0.004482
     0.210196    0.005432
     0.224531    0.006428
     0.238811    0.007387
     0.253059    0.008226
     0.267293    0.008914
     0.281535    0.009531
     0.295821    0.010174
     0.310207    0.010933
     0.324745    0.011820
     0.339424    0.012798
     0.354145    0.013819
     0.368745    0.014816
     0.383131    0.015716
     0.397334    0.016454
     0.411482    0.016986
     0.425732    0.017353
     0.440177    0.017628
     0.454827    0.017888
     0.469595    0.018177
     0.484348    0.018490
     0.499120    0.018820
     0.513842    0.019153
     0.528464    0.019460
     0.543005    0.019710
     0.557518    0.019872
     0.572074    0.019949
     0.586716    0.019974
     0.601444    0.019981
     0.616212    0.019992
     0.630961    0.019993
     0.645650    0.019963
     0.660260    0.019882
     0.674789    0.019731
     0.689255    0.019490
     0.703692    0.019139
     0.718147    0.018669
     0.732662    0.018093
     0.747259    0.017423
     0.761942    0.016677
     0.776692    0.015869
     0.791463    0.015021
     0.806200    0.014153
     0.820827    0.013277
     0.835306    0.012392
     0.849642    0.011496
     0.863885    0.010581
     0.878119    0.009640
     0.892470    0.008659
     0.907073    0.007624
     0.921497    0.006563
     0.935713    0.005476
     0.950160    0.004327
     0.963682    0.003209
     0.975496    0.002198
     0.985722    0.001297
     0.994642    0.000492
     1.000000    0.000000
